10 NYT negative
14.7 14.85 -0.00125 14.78375
14.6 14.9 0.000833333333333 14.7619

11 BA negative
170.21 170.79 0.00933333333333 170.485583333
170.553 172.35 0.0201166666667 171.765183333

12 CMCSA negative
75.925 76.09 0.00275 76.01415
75.74 76.08 0.0055 75.9517833333

13 TWX negative
96.325 96.47 -0.00133333333333 96.40465
95.98 96.355 0.00116666666667 96.1391333333

14 FOXA positive
30.31 30.4 -0.000333333333333 30.35765
30.145 30.45 0.00475 30.3029166667

15 INTC positive
36.29 36.35 0.001 36.3145333333
36.14 36.315 0.0005 36.24235

16 JWN negative
42.67 42.876 -0.00133333333333 42.7785166667
42.43 43.085 0.00233333333333 42.8213833333

17 NYT negative
14.2 14.4 0.0025 14.2929166667
14.15 14.375 0.00106666666667 14.2478

19 DAL negative
49.635 49.92 -0.003 49.7853833333
47.7 48.77 -0.0131 48.1680833333

1 NYT negative
14.4 14.5 -0.000416666666667 14.4482666667
14.45 14.55 0.00095 14.5055166667

20 NYT negative
13.05 13.4 0.000416666666667 13.3109166667
13.1 13.25 -0.000833333333333 13.1464

21 CMCSA positive
73.59 73.77 -0.00166666666667 73.7118666667
73.46 73.73 -0.003 73.5826666667

22 FOXA positive
30.2 30.295 0.001 30.2494166667
30.27 30.435 -0.000166666666667 30.36615

23 F positive
12.6 12.61 8.33333333333e-05 12.6041833333
12.65 12.78 0.000583333333333 12.7232

24 GM positive
36.975 37.15 -0.00216666666667 37.04375
37.695 38.345 0.00885 38.1267166667

25 GM negative
37.175 37.38 0.00225 37.2652333333
37.324 37.68 0.0036 37.5346

26 WMT negative
67.095 67.3 -0.00291666666667 67.191
68.26 69.27 0.0145 68.976

27 CMCSA negative
71.46 71.7 0.00298333333333 71.5837666667
71.08 71.645 -0.00858333333333 71.3270333333

28 F negative
12.755 12.785 -0.000333333333333 12.7758166667
12.71 12.82 0.0005 12.7670333333

29 FCAU negative
10.42 10.49 -0.0005 10.45545
10.42 10.58 0.000166666666667 10.4914

2 NYT negative
14.375 14.45 0.000416666666667 14.4173166667
14.375 14.5 0.000833333333333 14.42835

30 TM negative
121.0 121.255 0.00316666666667 121.1195
121.13 121.32 0.00166666666667 121.232

31 F positive
12.536 12.6 -0.000316666666667 12.57315
12.796 13.089 0.00441666666667 12.9771666667

32 GM negative
34.72 34.85 0.00216666666667 34.7573833333
34.87 35.54 0.00921666666667 35.2560666667

33 LMT negative
252.59 253.38 -0.0131666666667 252.9306
251.24 253.195 -0.0195 252.023316667

34 BA negative
157.37 157.68 -0.00316666666667 157.503166667
156.28 158.94 -0.0273333333333 157.56125

35 TIME positive
17.5 17.6 -0.000833333333333 17.528
17.45 17.725 0.00208333333333 17.5966

36 LMT negative
259.529 260.19 -0.00318333333333 259.765083333
247.17 251.64 -0.0705833333333 248.933733333

37 TYO: 9984 positive
8.039 8.07 -0.000416666666667 8.0598
7.935 8.045 -0.00165 7.98075

38 BA negative
151.87 152.27 0.0045 152.115266667
150.13 151.45 0.00466666666667 151.024216667

39 NYT negative
12.3 12.45 0.000833333333333 12.3680833333
12.2 12.45 0.0 12.3840666667

3 F negative
11.43 11.47 0.000333333333333 11.4514333333
11.49 11.615 0.00191666666667 11.5397333333

40 F negative
11.87 11.895 -0.000416666666667 11.88245
11.84 11.889 -0.000166666666667 11.8626833333

41 GOOGL negative
793.71 799.91 -0.0631666666667 797.515233333
791.03 796.476 -0.06575 793.425366667

42 FB negative
131.105 131.86 -0.00886666666667 131.552983333
131.014 131.918 -0.00846666666667 131.459

43 TWTR negative
17.605 17.744 -0.00108333333333 17.6894333333
17.67 17.987 0.00341666666667 17.8752

44 NYT negative
11.5 11.6 0.0 11.5291666667
11.5 11.55 0.000416666666667 11.5194666667

45 NYT negative
11.6 11.725 -0.000833333333333 11.6696833333
11.45 11.55 0.0 11.5182166667

46 NYT negative
12.24 12.29 0.0005 12.2541333333
12.32 12.41 0.000666666666667 12.3793333333

47 NYT negative
12.75 12.78 0.0 12.7693333333
12.79 12.99 0.00266666666667 12.945

48 NYT negative
12.91 12.99 0.00075 12.9339166667
12.89 12.99 0.000333333333333 12.9429166667

49 CMCSA negative
67.075 67.359 0.000666666666667 67.1965666667
67.36 67.72 0.00291666666667 67.56095

4 CHTR negative
321.85 323.74 0.002 323.0021
323.64 327.21 0.033 325.848966667

5 TWX negative
98.46 98.56 0.000333333333334 98.5119666667
98.48 98.65 0.001 98.5603

6 FOXA positive
30.785 30.91 0.000333333333333 30.8550833333
30.63 31.01 0.00125 30.8483

7 XOM negative
82.71 82.87 0.00158333333333 82.7723666667
82.255 83.26 -0.0158333333333 82.4473833333

8 NYT negative
14.85 14.95 -0.00125 14.8940166667
14.8 15.0 -0.000416666666667 14.90955

9 TWX negative
96.722 97.05 0.00341666666667 96.7893333333
96.49 96.94 0.00608333333333 96.7869166667

